>GGAAMTKGRG	1-GGAAMTKGRG	8.170649	-32.036832	0	T:143.0(1.43%),B:39.9(0.42%),P:1e-13	Tpos:14.8,Tstd:6.6,Bpos:13.0,Bstd:7.2,StrandBias:0.0,Multiplicity:1.00
0.311	0.001	0.591	0.097
0.001	0.001	0.997	0.001
0.832	0.166	0.001	0.001
0.975	0.001	0.001	0.023
0.452	0.314	0.232	0.001
0.113	0.152	0.001	0.734
0.079	0.001	0.527	0.393
0.001	0.001	0.784	0.214
0.475	0.001	0.523	0.001
0.001	0.001	0.952	0.046
>CAGCCCAAGT	2-CAGCCCAAGT	7.764201	-31.389707	0	T:174.0(1.74%),B:58.0(0.60%),P:1e-13	Tpos:14.3,Tstd:6.3,Bpos:13.1,Bstd:7.6,StrandBias:0.2,Multiplicity:1.01
0.060	0.747	0.153	0.040
0.899	0.001	0.001	0.099
0.122	0.199	0.619	0.060
0.060	0.897	0.023	0.020
0.020	0.978	0.001	0.001
0.140	0.858	0.001	0.001
0.783	0.157	0.001	0.059
0.738	0.001	0.241	0.020
0.080	0.040	0.812	0.068
0.060	0.092	0.203	0.645
>CTGATTGGCT	3-CTGATTGGCT	8.199776	-31.107631	0	T:51.0(0.51%),B:1.8(0.02%),P:1e-13	Tpos:13.8,Tstd:6.2,Bpos:7.3,Bstd:2.4,StrandBias:-0.2,Multiplicity:1.00
0.001	0.878	0.091	0.030
0.029	0.001	0.001	0.969
0.030	0.030	0.910	0.030
0.910	0.030	0.030	0.030
0.001	0.001	0.001	0.997
0.001	0.001	0.001	0.997
0.030	0.001	0.939	0.030
0.001	0.029	0.969	0.001
0.182	0.758	0.030	0.030
0.001	0.090	0.001	0.908
>TCCCAGGAAG	4-TCCCAGGAAG	8.907113	-28.058932	0	T:81.0(0.81%),B:13.0(0.14%),P:1e-12	Tpos:15.9,Tstd:6.8,Bpos:13.0,Bstd:5.3,StrandBias:-0.1,Multiplicity:1.00
0.145	0.001	0.161	0.693
0.023	0.745	0.154	0.078
0.001	0.997	0.001	0.001
0.121	0.877	0.001	0.001
0.763	0.001	0.001	0.235
0.001	0.001	0.997	0.001
0.186	0.001	0.787	0.026
0.742	0.163	0.094	0.001
0.635	0.001	0.278	0.086
0.234	0.191	0.503	0.072
>GAGRGAGGCA	5-GAGRGAGGCA	5.679995	-25.784584	0	T:311.0(3.11%),B:157.0(1.64%),P:1e-11	Tpos:15.4,Tstd:5.5,Bpos:13.8,Bstd:6.4,StrandBias:0.7,Multiplicity:1.00
0.001	0.001	0.997	0.001
0.997	0.001	0.001	0.001
0.001	0.001	0.997	0.001
0.454	0.043	0.324	0.179
0.273	0.242	0.485	0.001
0.901	0.001	0.093	0.005
0.001	0.001	0.837	0.161
0.001	0.180	0.818	0.001
0.001	0.737	0.261	0.001
0.997	0.001	0.001	0.001
>GGACAACCCC	6-GGACAACCCC	7.906295	-25.607928	0	T:56.0(0.56%),B:5.8(0.06%),P:1e-11	Tpos:16.1,Tstd:5.8,Bpos:17.0,Bstd:0.0,StrandBias:0.2,Multiplicity:1.00
0.071	0.001	0.873	0.055
0.104	0.023	0.856	0.017
0.576	0.088	0.162	0.174
0.045	0.759	0.144	0.052
0.808	0.104	0.001	0.087
0.764	0.139	0.045	0.052
0.035	0.858	0.089	0.018
0.018	0.860	0.001	0.121
0.072	0.788	0.001	0.139
0.052	0.859	0.001	0.088
>GATGACCCAG	7-GATGACCCAG	8.210893	-25.575484	0	T:83.0(0.83%),B:16.4(0.17%),P:1e-11	Tpos:13.3,Tstd:7.2,Bpos:14.5,Bstd:8.3,StrandBias:-0.6,Multiplicity:1.00
0.094	0.013	0.834	0.059
0.720	0.023	0.256	0.001
0.095	0.012	0.140	0.753
0.035	0.118	0.824	0.023
0.727	0.060	0.130	0.083
0.035	0.763	0.154	0.048
0.174	0.719	0.037	0.070
0.106	0.845	0.001	0.048
0.917	0.011	0.001	0.071
0.048	0.012	0.917	0.023
>GRGGGGGGGG	8-GRGGGGGGGG	7.345485	-24.475533	0	T:771.0(7.71%),B:516.5(5.38%),P:1e-10	Tpos:14.4,Tstd:6.2,Bpos:14.7,Bstd:10.9,StrandBias:-0.0,Multiplicity:1.06
0.379	0.001	0.619	0.001
0.449	0.001	0.549	0.001
0.318	0.001	0.680	0.001
0.302	0.001	0.696	0.001
0.422	0.001	0.576	0.001
0.375	0.001	0.623	0.001
0.403	0.001	0.595	0.001
0.423	0.001	0.575	0.001
0.310	0.001	0.688	0.001
0.367	0.001	0.631	0.001
>KCCTGGGGAH	9-KCCTGGGGAH	8.261811	-22.360588	0	T:171.0(1.71%),B:71.0(0.74%),P:1e-9	Tpos:13.8,Tstd:6.6,Bpos:13.6,Bstd:8.6,StrandBias:0.3,Multiplicity:1.00
0.004	0.008	0.437	0.551
0.001	0.616	0.379	0.004
0.001	0.997	0.001	0.001
0.001	0.001	0.001	0.997
0.003	0.001	0.995	0.001
0.001	0.001	0.997	0.001
0.003	0.001	0.995	0.001
0.270	0.001	0.676	0.053
0.926	0.001	0.069	0.004
0.226	0.229	0.174	0.371
>TTGGGGGTGT	10-TTGGGGGTGT	8.548074	-21.942433	0	T:67.0(0.67%),B:12.9(0.13%),P:1e-9	Tpos:15.3,Tstd:5.3,Bpos:13.2,Bstd:5.2,StrandBias:0.0,Multiplicity:1.02
0.001	0.001	0.089	0.909
0.001	0.001	0.133	0.865
0.134	0.001	0.591	0.274
0.001	0.001	0.932	0.066
0.133	0.001	0.865	0.001
0.001	0.001	0.822	0.176
0.181	0.272	0.427	0.119
0.001	0.001	0.109	0.889
0.001	0.001	0.796	0.202
0.001	0.114	0.081	0.804
>GCWGCAGCTG	11-GCWGCAGCTG	6.694811	-21.794253	0	T:352.0(3.52%),B:198.7(2.07%),P:1e-9	Tpos:14.5,Tstd:6.2,Bpos:14.7,Bstd:8.6,StrandBias:-0.0,Multiplicity:1.03
0.144	0.295	0.560	0.001
0.077	0.880	0.014	0.029
0.451	0.001	0.001	0.547
0.041	0.159	0.773	0.027
0.001	0.957	0.001	0.041
0.664	0.001	0.001	0.334
0.001	0.037	0.921	0.041
0.001	0.693	0.238	0.068
0.349	0.001	0.001	0.649
0.014	0.025	0.947	0.014
>GMAAGGTGGG	12-GMAAGGTGGG	9.098050	-21.724578	0	T:62.0(0.62%),B:10.3(0.11%),P:1e-9	Tpos:13.7,Tstd:6.2,Bpos:18.4,Bstd:8.0,StrandBias:-0.3,Multiplicity:1.00
0.128	0.323	0.548	0.001
0.314	0.445	0.132	0.109
0.844	0.001	0.154	0.001
0.997	0.001	0.001	0.001
0.001	0.001	0.997	0.001
0.210	0.001	0.788	0.001
0.001	0.001	0.001	0.997
0.001	0.001	0.893	0.105
0.398	0.001	0.600	0.001
0.001	0.105	0.893	0.001
>CCAGGGATTG	13-CCAGGGATTG	8.459484	-20.795559	0	T:42.0(0.42%),B:3.4(0.04%),P:1e-9	Tpos:15.2,Tstd:5.9,Bpos:12.0,Bstd:5.9,StrandBias:0.5,Multiplicity:1.03
0.019	0.642	0.098	0.241
0.037	0.800	0.001	0.162
0.724	0.001	0.009	0.266
0.196	0.009	0.767	0.028
0.182	0.001	0.710	0.107
0.065	0.112	0.786	0.037
0.807	0.108	0.056	0.029
0.139	0.128	0.187	0.546
0.028	0.018	0.246	0.708
0.042	0.217	0.695	0.046
>CTCACCTAGT	14-CTCACCTAGT	8.103723	-20.306593	0	T:38.0(0.38%),B:2.9(0.03%),P:1e-8	Tpos:12.9,Tstd:5.6,Bpos:17.0,Bstd:0.0,StrandBias:0.1,Multiplicity:1.00
0.050	0.825	0.025	0.100
0.101	0.175	0.001	0.723
0.100	0.818	0.031	0.051
0.765	0.050	0.001	0.184
0.025	0.875	0.051	0.049
0.049	0.649	0.001	0.301
0.081	0.128	0.025	0.766
0.668	0.001	0.127	0.204
0.051	0.075	0.821	0.053
0.051	0.155	0.100	0.694
>GGBCTGAARG	15-GGBCTGAARG	9.173444	-20.162876	0	T:72.0(0.72%),B:16.5(0.17%),P:1e-8	Tpos:15.0,Tstd:6.1,Bpos:17.5,Bstd:4.2,StrandBias:0.2,Multiplicity:1.00
0.298	0.001	0.700	0.001
0.001	0.001	0.919	0.079
0.080	0.356	0.292	0.272
0.001	0.630	0.001	0.368
0.001	0.001	0.001	0.997
0.079	0.001	0.919	0.001
0.557	0.001	0.362	0.080
0.997	0.001	0.001	0.001
0.573	0.001	0.425	0.001
0.080	0.143	0.776	0.001
>AGCCATTGTG	16-AGCCATTGTG	8.272917	-19.682132	0	T:37.0(0.37%),B:2.2(0.02%),P:1e-8	Tpos:12.0,Tstd:5.6,Bpos:11.0,Bstd:0.0,StrandBias:-0.4,Multiplicity:1.00
0.860	0.015	0.048	0.077
0.062	0.079	0.811	0.048
0.032	0.781	0.110	0.077
0.093	0.846	0.015	0.046
0.706	0.247	0.015	0.032
0.048	0.062	0.037	0.853
0.062	0.015	0.062	0.861
0.015	0.063	0.840	0.082
0.052	0.015	0.202	0.731
0.046	0.062	0.738	0.154
>CCTGGGTCTC	17-CCTGGGTCTC	7.794422	-19.575556	0	T:158.0(1.58%),B:67.4(0.70%),P:1e-8	Tpos:14.2,Tstd:6.4,Bpos:15.0,Bstd:10.8,StrandBias:0.0,Multiplicity:1.01
0.057	0.816	0.076	0.051
0.038	0.890	0.006	0.066
0.105	0.006	0.017	0.872
0.057	0.031	0.839	0.073
0.068	0.031	0.819	0.082
0.041	0.107	0.789	0.063
0.107	0.109	0.106	0.678
0.079	0.793	0.038	0.090
0.129	0.166	0.001	0.704
0.032	0.811	0.091	0.066
>AGCCAGTTTC	18-AGCCAGTTTC	9.976358	-18.178444	0	T:27.0(0.27%),B:0.6(0.01%),P:1e-7	Tpos:13.5,Tstd:6.5,Bpos:15.0,Bstd:0.0,StrandBias:0.7,Multiplicity:1.00
0.997	0.001	0.001	0.001
0.001	0.049	0.949	0.001
0.050	0.849	0.100	0.001
0.049	0.949	0.001	0.001
0.949	0.001	0.001	0.049
0.050	0.150	0.799	0.001
0.099	0.001	0.001	0.899
0.001	0.050	0.100	0.849
0.001	0.001	0.049	0.949
0.001	0.949	0.049	0.001
>GGGTGGCTCT	19-GGGTGGCTCT	7.974629	-17.973141	0	T:57.0(0.57%),B:11.4(0.12%),P:1e-7	Tpos:13.5,Tstd:6.0,Bpos:18.5,Bstd:4.4,StrandBias:0.6,Multiplicity:1.00
0.092	0.034	0.840	0.034
0.092	0.011	0.806	0.091
0.024	0.115	0.804	0.057
0.138	0.001	0.138	0.723
0.023	0.001	0.930	0.046
0.069	0.048	0.814	0.069
0.046	0.744	0.095	0.115
0.103	0.138	0.001	0.758
0.046	0.770	0.080	0.104
0.047	0.104	0.023	0.826
>TGAGGAGGGT	20-TGAGGAGGGT	9.430610	-17.361145	0	T:60.0(0.60%),B:13.9(0.15%),P:1e-7	Tpos:14.9,Tstd:5.7,Bpos:14.2,Bstd:9.8,StrandBias:0.5,Multiplicity:1.00
0.001	0.001	0.096	0.902
0.001	0.001	0.997	0.001
0.903	0.001	0.064	0.032
0.032	0.001	0.935	0.032
0.031	0.001	0.967	0.001
0.870	0.001	0.076	0.053
0.031	0.001	0.967	0.001
0.013	0.001	0.721	0.265
0.032	0.064	0.903	0.001
0.001	0.076	0.001	0.922
>ACCCAACCCC	21-ACCCAACCCC	7.043600	-16.239081	0	T:137.0(1.37%),B:60.9(0.63%),P:1e-7	Tpos:14.8,Tstd:6.0,Bpos:16.4,Bstd:9.1,StrandBias:-0.3,Multiplicity:1.03
0.670	0.118	0.084	0.128
0.102	0.676	0.095	0.127
0.139	0.711	0.003	0.147
0.147	0.726	0.003	0.124
0.694	0.160	0.001	0.145
0.644	0.126	0.129	0.101
0.097	0.641	0.142	0.120
0.085	0.761	0.011	0.143
0.153	0.700	0.001	0.146
0.157	0.690	0.001	0.152
>CTCTTAGCCA	22-CTCTTAGCCA	7.948788	-15.797681	0	T:39.0(0.39%),B:5.8(0.06%),P:1e-6	Tpos:13.8,Tstd:5.2,Bpos:15.6,Bstd:8.5,StrandBias:0.0,Multiplicity:1.00
0.076	0.797	0.088	0.039
0.050	0.140	0.013	0.797
0.064	0.833	0.051	0.052
0.037	0.075	0.001	0.887
0.038	0.064	0.089	0.809
0.759	0.001	0.165	0.075
0.088	0.127	0.697	0.088
0.088	0.774	0.088	0.050
0.115	0.807	0.025	0.053
0.860	0.075	0.001	0.064
>GTGGAGCCAC	23-GTGGAGCCAC	9.954798	-10.753030	0	T:25.0(0.25%),B:3.1(0.03%),P:1e-4	Tpos:16.4,Tstd:5.1,Bpos:21.1,Bstd:2.2,StrandBias:0.2,Multiplicity:1.00
0.001	0.176	0.765	0.058
0.001	0.001	0.001	0.997
0.058	0.001	0.940	0.001
0.001	0.058	0.883	0.058
0.997	0.001	0.001	0.001
0.058	0.001	0.940	0.001
0.001	0.997	0.001	0.001
0.058	0.940	0.001	0.001
0.765	0.117	0.001	0.117
0.058	0.765	0.176	0.001
>GTGTGTGTGT	24-GTGTGTGTGT	8.952490	-7.044064	0	T:67.0(0.67%),B:33.6(0.35%),P:1e-3	Tpos:14.8,Tstd:5.7,Bpos:15.2,Bstd:4.2,StrandBias:-0.3,Multiplicity:1.10
0.001	0.055	0.903	0.041
0.035	0.001	0.047	0.917
0.047	0.036	0.902	0.015
0.047	0.001	0.047	0.905
0.041	0.031	0.892	0.036
0.071	0.001	0.029	0.899
0.047	0.001	0.937	0.015
0.014	0.001	0.029	0.956
0.001	0.001	0.974	0.024
0.001	0.001	0.061	0.937
>GTGGCCTGGA	25-GTGGCCTGGA	9.864633	-5.985072	0	T:37.0(0.37%),B:15.3(0.16%),P:1e-2	Tpos:14.2,Tstd:4.6,Bpos:24.0,Bstd:0.0,StrandBias:-0.4,Multiplicity:1.00
0.001	0.001	0.997	0.001
0.050	0.001	0.050	0.899
0.050	0.001	0.899	0.050
0.150	0.050	0.799	0.001
0.001	0.899	0.050	0.050
0.049	0.949	0.001	0.001
0.049	0.001	0.001	0.949
0.050	0.001	0.899	0.050
0.001	0.001	0.949	0.049
0.799	0.050	0.150	0.001
