>TGRTTGGC	1-TGRTTGGC	6.610747	-23.894226	0	T:96.0(0.96%),B:24.1(0.25%),P:1e-10	Tpos:13.9,Tstd:6.3,Bpos:16.0,Bstd:6.0,StrandBias:0.4,Multiplicity:1.00
0.001	0.001	0.001	0.997
0.180	0.014	0.805	0.001
0.374	0.147	0.337	0.141
0.001	0.001	0.001	0.997
0.101	0.001	0.001	0.897
0.230	0.001	0.686	0.083
0.222	0.232	0.441	0.104
0.121	0.657	0.114	0.108
>TAGTTTAG	2-TAGTTTAG	5.002408	-22.758832	0	T:209.0(2.09%),B:95.0(0.99%),P:1e-9	Tpos:13.8,Tstd:6.8,Bpos:15.1,Bstd:6.5,StrandBias:-0.3,Multiplicity:1.02
0.121	0.098	0.082	0.699
0.824	0.010	0.054	0.112
0.092	0.063	0.762	0.083
0.089	0.094	0.056	0.761
0.046	0.146	0.116	0.692
0.086	0.094	0.063	0.757
0.774	0.019	0.123	0.084
0.100	0.107	0.741	0.052
>RRGRRRGG	3-RRGRRRGG	3.572578	-19.311512	0	T:4621.0(46.21%),B:4040.7(42.11%),P:1e-8	Tpos:14.5,Tstd:6.7,Bpos:14.4,Bstd:9.9,StrandBias:-0.0,Multiplicity:1.29
0.510	0.001	0.488	0.001
0.386	0.001	0.458	0.154
0.287	0.001	0.539	0.173
0.343	0.001	0.404	0.252
0.421	0.001	0.428	0.149
0.406	0.001	0.483	0.110
0.366	0.001	0.585	0.048
0.186	0.001	0.737	0.076
>ASTCASAC	4-ASTCASAC	6.118893	-15.056760	0	T:379.0(3.79%),B:243.9(2.54%),P:1e-6	Tpos:14.7,Tstd:6.9,Bpos:15.0,Bstd:7.1,StrandBias:0.2,Multiplicity:1.11
0.764	0.001	0.234	0.001
0.101	0.363	0.512	0.024
0.359	0.001	0.001	0.639
0.001	0.997	0.001	0.001
0.724	0.001	0.001	0.274
0.093	0.527	0.379	0.001
0.660	0.272	0.001	0.067
0.115	0.883	0.001	0.001
>CTGGRGAT	5-CTGGRGAT	6.618302	-14.766241	0	T:220.0(2.20%),B:122.2(1.27%),P:1e-6	Tpos:14.9,Tstd:6.9,Bpos:15.3,Bstd:7.7,StrandBias:0.3,Multiplicity:1.00
0.001	0.885	0.001	0.113
0.001	0.001	0.001	0.997
0.001	0.001	0.997	0.001
0.315	0.001	0.683	0.001
0.453	0.001	0.545	0.001
0.001	0.001	0.997	0.001
0.596	0.001	0.402	0.001
0.001	0.001	0.001	0.997
>CWGCAGBW	6-CWGCAGBW	5.148424	-13.882437	0	T:626.0(6.26%),B:451.5(4.71%),P:1e-6	Tpos:14.5,Tstd:6.9,Bpos:14.1,Bstd:8.5,StrandBias:0.2,Multiplicity:1.05
0.268	0.649	0.020	0.063
0.441	0.001	0.001	0.557
0.086	0.314	0.530	0.070
0.197	0.418	0.153	0.232
0.612	0.001	0.001	0.386
0.154	0.016	0.573	0.257
0.001	0.347	0.387	0.265
0.543	0.001	0.001	0.455
