>GGAAGGGGAGGA	1-GGAAGGGGAGGA	10.885773	-25.700246	0	T:59.0(0.59%),B:6.0(0.06%),P:1e-11	Tpos:16.4,Tstd:5.6,Bpos:11.7,Bstd:2.6,StrandBias:-0.5,Multiplicity:1.02
0.133	0.001	0.583	0.283
0.001	0.001	0.945	0.053
0.554	0.337	0.108	0.001
0.939	0.001	0.001	0.059
0.113	0.001	0.885	0.001
0.282	0.001	0.716	0.001
0.001	0.001	0.891	0.107
0.222	0.162	0.615	0.001
0.997	0.001	0.001	0.001
0.001	0.001	0.997	0.001
0.001	0.001	0.997	0.001
0.945	0.001	0.053	0.001
>CTCTGATTGGCT	2-CTCTGATTGGCT	9.426660	-24.568309	0	T:41.0(0.41%),B:2.0(0.02%),P:1e-10	Tpos:13.1,Tstd:5.9,Bpos:9.3,Bstd:4.0,StrandBias:-0.4,Multiplicity:1.00
0.051	0.634	0.001	0.314
0.001	0.211	0.051	0.737
0.001	0.885	0.057	0.057
0.057	0.001	0.001	0.941
0.001	0.154	0.839	0.006
0.788	0.103	0.058	0.051
0.050	0.001	0.001	0.948
0.050	0.001	0.001	0.948
0.001	0.001	0.948	0.050
0.001	0.001	0.997	0.001
0.070	0.725	0.051	0.154
0.051	0.212	0.051	0.686
>NKGGGGBTKDGG	3-NKGGGGBTKDGG	5.656068	-23.216519	0	T:1106.0(11.06%),B:801.9(8.36%),P:1e-10	Tpos:14.3,Tstd:5.4,Bpos:14.4,Bstd:7.9,StrandBias:-0.1,Multiplicity:1.10
0.201	0.209	0.292	0.299
0.257	0.001	0.330	0.412
0.013	0.001	0.629	0.357
0.001	0.001	0.603	0.395
0.283	0.001	0.469	0.247
0.191	0.001	0.484	0.324
0.100	0.317	0.318	0.264
0.001	0.001	0.001	0.997
0.001	0.186	0.475	0.338
0.251	0.001	0.380	0.368
0.253	0.001	0.515	0.231
0.198	0.122	0.435	0.245
>AGGAGAADGACA	4-AGGAGAADGACA	10.592010	-21.227166	0	T:124.0(1.24%),B:43.5(0.45%),P:1e-9	Tpos:15.8,Tstd:3.7,Bpos:14.5,Bstd:3.8,StrandBias:1.1,Multiplicity:1.00
0.881	0.001	0.117	0.001
0.001	0.001	0.997	0.001
0.038	0.001	0.960	0.001
0.842	0.001	0.156	0.001
0.117	0.001	0.881	0.001
0.842	0.001	0.156	0.001
0.803	0.039	0.157	0.001
0.318	0.001	0.318	0.362
0.039	0.039	0.921	0.001
0.603	0.078	0.318	0.001
0.120	0.558	0.321	0.001
0.960	0.001	0.001	0.038
>CCCCCCCCCCCC	5-CCCCCCCCCCCC	9.686753	-21.167490	0	T:220.0(2.20%),B:105.5(1.10%),P:1e-9	Tpos:14.0,Tstd:5.6,Bpos:15.6,Bstd:10.5,StrandBias:-0.0,Multiplicity:1.02
0.001	0.722	0.001	0.276
0.001	0.744	0.001	0.254
0.001	0.749	0.001	0.249
0.001	0.779	0.001	0.219
0.001	0.736	0.001	0.262
0.001	0.689	0.001	0.309
0.001	0.713	0.001	0.285
0.001	0.741	0.001	0.257
0.001	0.770	0.001	0.228
0.001	0.781	0.001	0.217
0.001	0.816	0.001	0.182
0.001	0.708	0.001	0.290
>GCTGCAGCTGCT	6-GCTGCAGCTGCT	5.936688	-21.131764	0	T:585.0(5.85%),B:381.5(3.98%),P:1e-9	Tpos:14.5,Tstd:5.6,Bpos:14.3,Bstd:6.9,StrandBias:-0.1,Multiplicity:1.03
0.099	0.260	0.532	0.109
0.070	0.684	0.151	0.095
0.304	0.026	0.037	0.633
0.034	0.230	0.673	0.063
0.057	0.708	0.206	0.029
0.623	0.007	0.040	0.330
0.046	0.153	0.763	0.038
0.088	0.646	0.202	0.064
0.281	0.069	0.045	0.605
0.057	0.209	0.596	0.138
0.067	0.653	0.185	0.095
0.261	0.206	0.064	0.469
>CCCCTCCCTGGC	7-CCCCTCCCTGGC	9.887534	-14.236703	0	T:92.0(0.92%),B:35.1(0.37%),P:1e-6	Tpos:13.9,Tstd:6.0,Bpos:15.4,Bstd:7.9,StrandBias:0.5,Multiplicity:1.01
0.001	0.932	0.036	0.031
0.031	0.873	0.001	0.095
0.131	0.801	0.001	0.067
0.063	0.702	0.001	0.234
0.063	0.001	0.001	0.935
0.001	0.937	0.031	0.031
0.001	0.963	0.001	0.035
0.001	0.804	0.001	0.194
0.325	0.001	0.001	0.673
0.063	0.001	0.935	0.001
0.068	0.099	0.701	0.132
0.063	0.773	0.163	0.001
>GAGGCAGGCTGC	8-GAGGCAGGCTGC	10.409522	-11.441516	0	T:17.0(0.17%),B:0.8(0.01%),P:1e-4	Tpos:11.8,Tstd:4.9,Bpos:6.0,Bstd:0.0,StrandBias:0.2,Multiplicity:1.00
0.100	0.100	0.700	0.100
0.700	0.100	0.100	0.100
0.100	0.100	0.700	0.100
0.100	0.100	0.700	0.100
0.100	0.700	0.100	0.100
0.700	0.100	0.100	0.100
0.100	0.100	0.700	0.100
0.100	0.100	0.700	0.100
0.100	0.700	0.100	0.100
0.100	0.100	0.100	0.700
0.100	0.100	0.700	0.100
0.100	0.700	0.100	0.100
>CCAGCCCTGCCC	9-CCAGCCCTGCCC	8.388343	-8.928919	0	T:36.0(0.36%),B:10.8(0.11%),P:1e-3	Tpos:15.1,Tstd:4.9,Bpos:19.0,Bstd:0.0,StrandBias:-0.8,Multiplicity:1.00
0.177	0.399	0.223	0.201
0.165	0.589	0.119	0.127
0.614	0.088	0.097	0.201
0.107	0.162	0.570	0.161
0.115	0.624	0.147	0.114
0.120	0.665	0.067	0.148
0.106	0.685	0.045	0.164
0.178	0.071	0.064	0.687
0.095	0.165	0.561	0.179
0.115	0.589	0.174	0.122
0.153	0.588	0.081	0.178
0.195	0.430	0.106	0.270
>TGTGTGTGTGTG	10-TGTGTGTGTGTG	9.221481	-7.536381	0	T:73.0(0.73%),B:36.5(0.38%),P:1e-3	Tpos:13.2,Tstd:6.1,Bpos:16.6,Bstd:4.3,StrandBias:-0.2,Multiplicity:1.03
0.226	0.001	0.148	0.625
0.001	0.150	0.825	0.024
0.398	0.001	0.001	0.600
0.001	0.239	0.633	0.127
0.393	0.001	0.001	0.605
0.073	0.001	0.925	0.001
0.389	0.001	0.001	0.609
0.025	0.329	0.619	0.027
0.252	0.001	0.001	0.746
0.001	0.001	0.900	0.098
0.387	0.001	0.001	0.611
0.124	0.099	0.678	0.099
>CCTCCACCCTCC	11-CCTCCACCCTCC	10.101011	-4.101391	0	T:135.0(1.35%),B:97.8(1.02%),P:1e-1	Tpos:15.7,Tstd:5.6,Bpos:17.2,Bstd:9.7,StrandBias:-0.8,Multiplicity:1.08
0.083	0.729	0.064	0.124
0.047	0.850	0.041	0.062
0.064	0.107	0.001	0.828
0.021	0.853	0.105	0.021
0.062	0.875	0.001	0.062
0.691	0.123	0.001	0.185
0.041	0.810	0.085	0.064
0.001	0.896	0.001	0.102
0.020	0.856	0.001	0.123
0.062	0.020	0.001	0.917
0.064	0.851	0.064	0.021
0.084	0.872	0.001	0.043
