>GGAAMTKGRG	1-GGAAMTKGRG	8.170649	-32.036832	0	T:143.0(1.43%),B:39.9(0.42%),P:1e-13	Tpos:14.8,Tstd:6.6,Bpos:13.0,Bstd:7.2,StrandBias:0.0,Multiplicity:1.00
0.311	0.001	0.591	0.097
0.001	0.001	0.997	0.001
0.832	0.166	0.001	0.001
0.975	0.001	0.001	0.023
0.452	0.314	0.232	0.001
0.113	0.152	0.001	0.734
0.079	0.001	0.527	0.393
0.001	0.001	0.784	0.214
0.475	0.001	0.523	0.001
0.001	0.001	0.952	0.046
>CAGCCCAAGT	2-CAGCCCAAGT	7.764201	-31.389707	0	T:174.0(1.74%),B:58.0(0.60%),P:1e-13	Tpos:14.3,Tstd:6.3,Bpos:13.1,Bstd:7.6,StrandBias:0.2,Multiplicity:1.01
0.060	0.747	0.153	0.040
0.899	0.001	0.001	0.099
0.122	0.199	0.619	0.060
0.060	0.897	0.023	0.020
0.020	0.978	0.001	0.001
0.140	0.858	0.001	0.001
0.783	0.157	0.001	0.059
0.738	0.001	0.241	0.020
0.080	0.040	0.812	0.068
0.060	0.092	0.203	0.645
>CTGATTGGCT	3-CTGATTGGCT	8.199776	-31.107631	0	T:51.0(0.51%),B:1.8(0.02%),P:1e-13	Tpos:13.8,Tstd:6.2,Bpos:7.3,Bstd:2.4,StrandBias:-0.2,Multiplicity:1.00
0.001	0.878	0.091	0.030
0.029	0.001	0.001	0.969
0.030	0.030	0.910	0.030
0.910	0.030	0.030	0.030
0.001	0.001	0.001	0.997
0.001	0.001	0.001	0.997
0.030	0.001	0.939	0.030
0.001	0.029	0.969	0.001
0.182	0.758	0.030	0.030
0.001	0.090	0.001	0.908
>TCCCAGGAAG	4-TCCCAGGAAG	8.907113	-28.058932	0	T:81.0(0.81%),B:13.0(0.14%),P:1e-12	Tpos:15.9,Tstd:6.8,Bpos:13.0,Bstd:5.3,StrandBias:-0.1,Multiplicity:1.00
0.145	0.001	0.161	0.693
0.023	0.745	0.154	0.078
0.001	0.997	0.001	0.001
0.121	0.877	0.001	0.001
0.763	0.001	0.001	0.235
0.001	0.001	0.997	0.001
0.186	0.001	0.787	0.026
0.742	0.163	0.094	0.001
0.635	0.001	0.278	0.086
0.234	0.191	0.503	0.072
>GAGRGAGGCA	5-GAGRGAGGCA	5.679995	-25.784584	0	T:311.0(3.11%),B:157.0(1.64%),P:1e-11	Tpos:15.4,Tstd:5.5,Bpos:13.8,Bstd:6.4,StrandBias:0.7,Multiplicity:1.00
0.001	0.001	0.997	0.001
0.997	0.001	0.001	0.001
0.001	0.001	0.997	0.001
0.454	0.043	0.324	0.179
0.273	0.242	0.485	0.001
0.901	0.001	0.093	0.005
0.001	0.001	0.837	0.161
0.001	0.180	0.818	0.001
0.001	0.737	0.261	0.001
0.997	0.001	0.001	0.001
>GGACAACCCC	6-GGACAACCCC	7.906295	-25.607928	0	T:56.0(0.56%),B:5.8(0.06%),P:1e-11	Tpos:16.1,Tstd:5.8,Bpos:17.0,Bstd:0.0,StrandBias:0.2,Multiplicity:1.00
0.071	0.001	0.873	0.055
0.104	0.023	0.856	0.017
0.576	0.088	0.162	0.174
0.045	0.759	0.144	0.052
0.808	0.104	0.001	0.087
0.764	0.139	0.045	0.052
0.035	0.858	0.089	0.018
0.018	0.860	0.001	0.121
0.072	0.788	0.001	0.139
0.052	0.859	0.001	0.088
>GATGACCCAG	7-GATGACCCAG	8.210893	-25.575484	0	T:83.0(0.83%),B:16.4(0.17%),P:1e-11	Tpos:13.3,Tstd:7.2,Bpos:14.5,Bstd:8.3,StrandBias:-0.6,Multiplicity:1.00
0.094	0.013	0.834	0.059
0.720	0.023	0.256	0.001
0.095	0.012	0.140	0.753
0.035	0.118	0.824	0.023
0.727	0.060	0.130	0.083
0.035	0.763	0.154	0.048
0.174	0.719	0.037	0.070
0.106	0.845	0.001	0.048
0.917	0.011	0.001	0.071
0.048	0.012	0.917	0.023
>GRGGGGGGGG	8-GRGGGGGGGG	7.345485	-24.475533	0	T:771.0(7.71%),B:516.5(5.38%),P:1e-10	Tpos:14.4,Tstd:6.2,Bpos:14.7,Bstd:10.9,StrandBias:-0.0,Multiplicity:1.06
0.379	0.001	0.619	0.001
0.449	0.001	0.549	0.001
0.318	0.001	0.680	0.001
0.302	0.001	0.696	0.001
0.422	0.001	0.576	0.001
0.375	0.001	0.623	0.001
0.403	0.001	0.595	0.001
0.423	0.001	0.575	0.001
0.310	0.001	0.688	0.001
0.367	0.001	0.631	0.001
>KCCTGGGGAH	9-KCCTGGGGAH	8.261811	-22.360588	0	T:171.0(1.71%),B:71.0(0.74%),P:1e-9	Tpos:13.8,Tstd:6.6,Bpos:13.6,Bstd:8.6,StrandBias:0.3,Multiplicity:1.00
0.004	0.008	0.437	0.551
0.001	0.616	0.379	0.004
0.001	0.997	0.001	0.001
0.001	0.001	0.001	0.997
0.003	0.001	0.995	0.001
0.001	0.001	0.997	0.001
0.003	0.001	0.995	0.001
0.270	0.001	0.676	0.053
0.926	0.001	0.069	0.004
0.226	0.229	0.174	0.371
>TTGGGGGTGT	10-TTGGGGGTGT	8.548074	-21.942433	0	T:67.0(0.67%),B:12.9(0.13%),P:1e-9	Tpos:15.3,Tstd:5.3,Bpos:13.2,Bstd:5.2,StrandBias:0.0,Multiplicity:1.02
0.001	0.001	0.089	0.909
0.001	0.001	0.133	0.865
0.134	0.001	0.591	0.274
0.001	0.001	0.932	0.066
0.133	0.001	0.865	0.001
0.001	0.001	0.822	0.176
0.181	0.272	0.427	0.119
0.001	0.001	0.109	0.889
0.001	0.001	0.796	0.202
0.001	0.114	0.081	0.804
>GCWGCAGCTG	11-GCWGCAGCTG	6.694811	-21.794253	0	T:352.0(3.52%),B:198.7(2.07%),P:1e-9	Tpos:14.5,Tstd:6.2,Bpos:14.7,Bstd:8.6,StrandBias:-0.0,Multiplicity:1.03
0.144	0.295	0.560	0.001
0.077	0.880	0.014	0.029
0.451	0.001	0.001	0.547
0.041	0.159	0.773	0.027
0.001	0.957	0.001	0.041
0.664	0.001	0.001	0.334
0.001	0.037	0.921	0.041
0.001	0.693	0.238	0.068
0.349	0.001	0.001	0.649
0.014	0.025	0.947	0.014
>GMAAGGTGGG	12-GMAAGGTGGG	9.098050	-21.724578	0	T:62.0(0.62%),B:10.3(0.11%),P:1e-9	Tpos:13.7,Tstd:6.2,Bpos:18.4,Bstd:8.0,StrandBias:-0.3,Multiplicity:1.00
0.128	0.323	0.548	0.001
0.314	0.445	0.132	0.109
0.844	0.001	0.154	0.001
0.997	0.001	0.001	0.001
0.001	0.001	0.997	0.001
0.210	0.001	0.788	0.001
0.001	0.001	0.001	0.997
0.001	0.001	0.893	0.105
0.398	0.001	0.600	0.001
0.001	0.105	0.893	0.001
>CCAGGGATTG	13-CCAGGGATTG	8.459484	-20.795559	0	T:42.0(0.42%),B:3.4(0.04%),P:1e-9	Tpos:15.2,Tstd:5.9,Bpos:12.0,Bstd:5.9,StrandBias:0.5,Multiplicity:1.03
0.019	0.642	0.098	0.241
0.037	0.800	0.001	0.162
0.724	0.001	0.009	0.266
0.196	0.009	0.767	0.028
0.182	0.001	0.710	0.107
0.065	0.112	0.786	0.037
0.807	0.108	0.056	0.029
0.139	0.128	0.187	0.546
0.028	0.018	0.246	0.708
0.042	0.217	0.695	0.046
>CTCACCTAGT	14-CTCACCTAGT	8.103723	-20.306593	0	T:38.0(0.38%),B:2.9(0.03%),P:1e-8	Tpos:12.9,Tstd:5.6,Bpos:17.0,Bstd:0.0,StrandBias:0.1,Multiplicity:1.00
0.050	0.825	0.025	0.100
0.101	0.175	0.001	0.723
0.100	0.818	0.031	0.051
0.765	0.050	0.001	0.184
0.025	0.875	0.051	0.049
0.049	0.649	0.001	0.301
0.081	0.128	0.025	0.766
0.668	0.001	0.127	0.204
0.051	0.075	0.821	0.053
0.051	0.155	0.100	0.694
>GGBCTGAARG	15-GGBCTGAARG	9.173444	-20.162876	0	T:72.0(0.72%),B:16.5(0.17%),P:1e-8	Tpos:15.0,Tstd:6.1,Bpos:17.5,Bstd:4.2,StrandBias:0.2,Multiplicity:1.00
0.298	0.001	0.700	0.001
0.001	0.001	0.919	0.079
0.080	0.356	0.292	0.272
0.001	0.630	0.001	0.368
0.001	0.001	0.001	0.997
0.079	0.001	0.919	0.001
0.557	0.001	0.362	0.080
0.997	0.001	0.001	0.001
0.573	0.001	0.425	0.001
0.080	0.143	0.776	0.001
>AGCCATTGTG	16-AGCCATTGTG	8.272917	-19.682132	0	T:37.0(0.37%),B:2.2(0.02%),P:1e-8	Tpos:12.0,Tstd:5.6,Bpos:11.0,Bstd:0.0,StrandBias:-0.4,Multiplicity:1.00
0.860	0.015	0.048	0.077
0.062	0.079	0.811	0.048
0.032	0.781	0.110	0.077
0.093	0.846	0.015	0.046
0.706	0.247	0.015	0.032
0.048	0.062	0.037	0.853
0.062	0.015	0.062	0.861
0.015	0.063	0.840	0.082
0.052	0.015	0.202	0.731
0.046	0.062	0.738	0.154
>CCTGGGTCTC	17-CCTGGGTCTC	7.794422	-19.575556	0	T:158.0(1.58%),B:67.4(0.70%),P:1e-8	Tpos:14.2,Tstd:6.4,Bpos:15.0,Bstd:10.8,StrandBias:0.0,Multiplicity:1.01
0.057	0.816	0.076	0.051
0.038	0.890	0.006	0.066
0.105	0.006	0.017	0.872
0.057	0.031	0.839	0.073
0.068	0.031	0.819	0.082
0.041	0.107	0.789	0.063
0.107	0.109	0.106	0.678
0.079	0.793	0.038	0.090
0.129	0.166	0.001	0.704
0.032	0.811	0.091	0.066
>AGCCAGTTTC	18-AGCCAGTTTC	9.976358	-18.178444	0	T:27.0(0.27%),B:0.6(0.01%),P:1e-7	Tpos:13.5,Tstd:6.5,Bpos:15.0,Bstd:0.0,StrandBias:0.7,Multiplicity:1.00
0.997	0.001	0.001	0.001
0.001	0.049	0.949	0.001
0.050	0.849	0.100	0.001
0.049	0.949	0.001	0.001
0.949	0.001	0.001	0.049
0.050	0.150	0.799	0.001
0.099	0.001	0.001	0.899
0.001	0.050	0.100	0.849
0.001	0.001	0.049	0.949
0.001	0.949	0.049	0.001
>GGGTGGCTCT	19-GGGTGGCTCT	7.974629	-17.973141	0	T:57.0(0.57%),B:11.4(0.12%),P:1e-7	Tpos:13.5,Tstd:6.0,Bpos:18.5,Bstd:4.4,StrandBias:0.6,Multiplicity:1.00
0.092	0.034	0.840	0.034
0.092	0.011	0.806	0.091
0.024	0.115	0.804	0.057
0.138	0.001	0.138	0.723
0.023	0.001	0.930	0.046
0.069	0.048	0.814	0.069
0.046	0.744	0.095	0.115
0.103	0.138	0.001	0.758
0.046	0.770	0.080	0.104
0.047	0.104	0.023	0.826
>TGAGGAGGGT	20-TGAGGAGGGT	9.430610	-17.361145	0	T:60.0(0.60%),B:13.9(0.15%),P:1e-7	Tpos:14.9,Tstd:5.7,Bpos:14.2,Bstd:9.8,StrandBias:0.5,Multiplicity:1.00
0.001	0.001	0.096	0.902
0.001	0.001	0.997	0.001
0.903	0.001	0.064	0.032
0.032	0.001	0.935	0.032
0.031	0.001	0.967	0.001
0.870	0.001	0.076	0.053
0.031	0.001	0.967	0.001
0.013	0.001	0.721	0.265
0.032	0.064	0.903	0.001
0.001	0.076	0.001	0.922
>ACCCAACCCC	21-ACCCAACCCC	7.043600	-16.239081	0	T:137.0(1.37%),B:60.9(0.63%),P:1e-7	Tpos:14.8,Tstd:6.0,Bpos:16.4,Bstd:9.1,StrandBias:-0.3,Multiplicity:1.03
0.670	0.118	0.084	0.128
0.102	0.676	0.095	0.127
0.139	0.711	0.003	0.147
0.147	0.726	0.003	0.124
0.694	0.160	0.001	0.145
0.644	0.126	0.129	0.101
0.097	0.641	0.142	0.120
0.085	0.761	0.011	0.143
0.153	0.700	0.001	0.146
0.157	0.690	0.001	0.152
>CTCTTAGCCA	22-CTCTTAGCCA	7.948788	-15.797681	0	T:39.0(0.39%),B:5.8(0.06%),P:1e-6	Tpos:13.8,Tstd:5.2,Bpos:15.6,Bstd:8.5,StrandBias:0.0,Multiplicity:1.00
0.076	0.797	0.088	0.039
0.050	0.140	0.013	0.797
0.064	0.833	0.051	0.052
0.037	0.075	0.001	0.887
0.038	0.064	0.089	0.809
0.759	0.001	0.165	0.075
0.088	0.127	0.697	0.088
0.088	0.774	0.088	0.050
0.115	0.807	0.025	0.053
0.860	0.075	0.001	0.064
>GTGGAGCCAC	23-GTGGAGCCAC	9.954798	-10.753030	0	T:25.0(0.25%),B:3.1(0.03%),P:1e-4	Tpos:16.4,Tstd:5.1,Bpos:21.1,Bstd:2.2,StrandBias:0.2,Multiplicity:1.00
0.001	0.176	0.765	0.058
0.001	0.001	0.001	0.997
0.058	0.001	0.940	0.001
0.001	0.058	0.883	0.058
0.997	0.001	0.001	0.001
0.058	0.001	0.940	0.001
0.001	0.997	0.001	0.001
0.058	0.940	0.001	0.001
0.765	0.117	0.001	0.117
0.058	0.765	0.176	0.001
>GTGTGTGTGT	24-GTGTGTGTGT	8.952490	-7.044064	0	T:67.0(0.67%),B:33.6(0.35%),P:1e-3	Tpos:14.8,Tstd:5.7,Bpos:15.2,Bstd:4.2,StrandBias:-0.3,Multiplicity:1.10
0.001	0.055	0.903	0.041
0.035	0.001	0.047	0.917
0.047	0.036	0.902	0.015
0.047	0.001	0.047	0.905
0.041	0.031	0.892	0.036
0.071	0.001	0.029	0.899
0.047	0.001	0.937	0.015
0.014	0.001	0.029	0.956
0.001	0.001	0.974	0.024
0.001	0.001	0.061	0.937
>GTGGCCTGGA	25-GTGGCCTGGA	9.864633	-5.985072	0	T:37.0(0.37%),B:15.3(0.16%),P:1e-2	Tpos:14.2,Tstd:4.6,Bpos:24.0,Bstd:0.0,StrandBias:-0.4,Multiplicity:1.00
0.001	0.001	0.997	0.001
0.050	0.001	0.050	0.899
0.050	0.001	0.899	0.050
0.150	0.050	0.799	0.001
0.001	0.899	0.050	0.050
0.049	0.949	0.001	0.001
0.049	0.001	0.001	0.949
0.050	0.001	0.899	0.050
0.001	0.001	0.949	0.049
0.799	0.050	0.150	0.001
>GGAAGGGGAGGA	1-GGAAGGGGAGGA	10.885773	-25.700246	0	T:59.0(0.59%),B:6.0(0.06%),P:1e-11	Tpos:16.4,Tstd:5.6,Bpos:11.7,Bstd:2.6,StrandBias:-0.5,Multiplicity:1.02
0.133	0.001	0.583	0.283
0.001	0.001	0.945	0.053
0.554	0.337	0.108	0.001
0.939	0.001	0.001	0.059
0.113	0.001	0.885	0.001
0.282	0.001	0.716	0.001
0.001	0.001	0.891	0.107
0.222	0.162	0.615	0.001
0.997	0.001	0.001	0.001
0.001	0.001	0.997	0.001
0.001	0.001	0.997	0.001
0.945	0.001	0.053	0.001
>CTCTGATTGGCT	2-CTCTGATTGGCT	9.426660	-24.568309	0	T:41.0(0.41%),B:2.0(0.02%),P:1e-10	Tpos:13.1,Tstd:5.9,Bpos:9.3,Bstd:4.0,StrandBias:-0.4,Multiplicity:1.00
0.051	0.634	0.001	0.314
0.001	0.211	0.051	0.737
0.001	0.885	0.057	0.057
0.057	0.001	0.001	0.941
0.001	0.154	0.839	0.006
0.788	0.103	0.058	0.051
0.050	0.001	0.001	0.948
0.050	0.001	0.001	0.948
0.001	0.001	0.948	0.050
0.001	0.001	0.997	0.001
0.070	0.725	0.051	0.154
0.051	0.212	0.051	0.686
>NKGGGGBTKDGG	3-NKGGGGBTKDGG	5.656068	-23.216519	0	T:1106.0(11.06%),B:801.9(8.36%),P:1e-10	Tpos:14.3,Tstd:5.4,Bpos:14.4,Bstd:7.9,StrandBias:-0.1,Multiplicity:1.10
0.201	0.209	0.292	0.299
0.257	0.001	0.330	0.412
0.013	0.001	0.629	0.357
0.001	0.001	0.603	0.395
0.283	0.001	0.469	0.247
0.191	0.001	0.484	0.324
0.100	0.317	0.318	0.264
0.001	0.001	0.001	0.997
0.001	0.186	0.475	0.338
0.251	0.001	0.380	0.368
0.253	0.001	0.515	0.231
0.198	0.122	0.435	0.245
>AGGAGAADGACA	4-AGGAGAADGACA	10.592010	-21.227166	0	T:124.0(1.24%),B:43.5(0.45%),P:1e-9	Tpos:15.8,Tstd:3.7,Bpos:14.5,Bstd:3.8,StrandBias:1.1,Multiplicity:1.00
0.881	0.001	0.117	0.001
0.001	0.001	0.997	0.001
0.038	0.001	0.960	0.001
0.842	0.001	0.156	0.001
0.117	0.001	0.881	0.001
0.842	0.001	0.156	0.001
0.803	0.039	0.157	0.001
0.318	0.001	0.318	0.362
0.039	0.039	0.921	0.001
0.603	0.078	0.318	0.001
0.120	0.558	0.321	0.001
0.960	0.001	0.001	0.038
>CCCCCCCCCCCC	5-CCCCCCCCCCCC	9.686753	-21.167490	0	T:220.0(2.20%),B:105.5(1.10%),P:1e-9	Tpos:14.0,Tstd:5.6,Bpos:15.6,Bstd:10.5,StrandBias:-0.0,Multiplicity:1.02
0.001	0.722	0.001	0.276
0.001	0.744	0.001	0.254
0.001	0.749	0.001	0.249
0.001	0.779	0.001	0.219
0.001	0.736	0.001	0.262
0.001	0.689	0.001	0.309
0.001	0.713	0.001	0.285
0.001	0.741	0.001	0.257
0.001	0.770	0.001	0.228
0.001	0.781	0.001	0.217
0.001	0.816	0.001	0.182
0.001	0.708	0.001	0.290
>GCTGCAGCTGCT	6-GCTGCAGCTGCT	5.936688	-21.131764	0	T:585.0(5.85%),B:381.5(3.98%),P:1e-9	Tpos:14.5,Tstd:5.6,Bpos:14.3,Bstd:6.9,StrandBias:-0.1,Multiplicity:1.03
0.099	0.260	0.532	0.109
0.070	0.684	0.151	0.095
0.304	0.026	0.037	0.633
0.034	0.230	0.673	0.063
0.057	0.708	0.206	0.029
0.623	0.007	0.040	0.330
0.046	0.153	0.763	0.038
0.088	0.646	0.202	0.064
0.281	0.069	0.045	0.605
0.057	0.209	0.596	0.138
0.067	0.653	0.185	0.095
0.261	0.206	0.064	0.469
>CCCCTCCCTGGC	7-CCCCTCCCTGGC	9.887534	-14.236703	0	T:92.0(0.92%),B:35.1(0.37%),P:1e-6	Tpos:13.9,Tstd:6.0,Bpos:15.4,Bstd:7.9,StrandBias:0.5,Multiplicity:1.01
0.001	0.932	0.036	0.031
0.031	0.873	0.001	0.095
0.131	0.801	0.001	0.067
0.063	0.702	0.001	0.234
0.063	0.001	0.001	0.935
0.001	0.937	0.031	0.031
0.001	0.963	0.001	0.035
0.001	0.804	0.001	0.194
0.325	0.001	0.001	0.673
0.063	0.001	0.935	0.001
0.068	0.099	0.701	0.132
0.063	0.773	0.163	0.001
>GAGGCAGGCTGC	8-GAGGCAGGCTGC	10.409522	-11.441516	0	T:17.0(0.17%),B:0.8(0.01%),P:1e-4	Tpos:11.8,Tstd:4.9,Bpos:6.0,Bstd:0.0,StrandBias:0.2,Multiplicity:1.00
0.100	0.100	0.700	0.100
0.700	0.100	0.100	0.100
0.100	0.100	0.700	0.100
0.100	0.100	0.700	0.100
0.100	0.700	0.100	0.100
0.700	0.100	0.100	0.100
0.100	0.100	0.700	0.100
0.100	0.100	0.700	0.100
0.100	0.700	0.100	0.100
0.100	0.100	0.100	0.700
0.100	0.100	0.700	0.100
0.100	0.700	0.100	0.100
>CCAGCCCTGCCC	9-CCAGCCCTGCCC	8.388343	-8.928919	0	T:36.0(0.36%),B:10.8(0.11%),P:1e-3	Tpos:15.1,Tstd:4.9,Bpos:19.0,Bstd:0.0,StrandBias:-0.8,Multiplicity:1.00
0.177	0.399	0.223	0.201
0.165	0.589	0.119	0.127
0.614	0.088	0.097	0.201
0.107	0.162	0.570	0.161
0.115	0.624	0.147	0.114
0.120	0.665	0.067	0.148
0.106	0.685	0.045	0.164
0.178	0.071	0.064	0.687
0.095	0.165	0.561	0.179
0.115	0.589	0.174	0.122
0.153	0.588	0.081	0.178
0.195	0.430	0.106	0.270
>TGTGTGTGTGTG	10-TGTGTGTGTGTG	9.221481	-7.536381	0	T:73.0(0.73%),B:36.5(0.38%),P:1e-3	Tpos:13.2,Tstd:6.1,Bpos:16.6,Bstd:4.3,StrandBias:-0.2,Multiplicity:1.03
0.226	0.001	0.148	0.625
0.001	0.150	0.825	0.024
0.398	0.001	0.001	0.600
0.001	0.239	0.633	0.127
0.393	0.001	0.001	0.605
0.073	0.001	0.925	0.001
0.389	0.001	0.001	0.609
0.025	0.329	0.619	0.027
0.252	0.001	0.001	0.746
0.001	0.001	0.900	0.098
0.387	0.001	0.001	0.611
0.124	0.099	0.678	0.099
>CCTCCACCCTCC	11-CCTCCACCCTCC	10.101011	-4.101391	0	T:135.0(1.35%),B:97.8(1.02%),P:1e-1	Tpos:15.7,Tstd:5.6,Bpos:17.2,Bstd:9.7,StrandBias:-0.8,Multiplicity:1.08
0.083	0.729	0.064	0.124
0.047	0.850	0.041	0.062
0.064	0.107	0.001	0.828
0.021	0.853	0.105	0.021
0.062	0.875	0.001	0.062
0.691	0.123	0.001	0.185
0.041	0.810	0.085	0.064
0.001	0.896	0.001	0.102
0.020	0.856	0.001	0.123
0.062	0.020	0.001	0.917
0.064	0.851	0.064	0.021
0.084	0.872	0.001	0.043
>TGRTTGGC	1-TGRTTGGC	6.610747	-23.894226	0	T:96.0(0.96%),B:24.1(0.25%),P:1e-10	Tpos:13.9,Tstd:6.3,Bpos:16.0,Bstd:6.0,StrandBias:0.4,Multiplicity:1.00
0.001	0.001	0.001	0.997
0.180	0.014	0.805	0.001
0.374	0.147	0.337	0.141
0.001	0.001	0.001	0.997
0.101	0.001	0.001	0.897
0.230	0.001	0.686	0.083
0.222	0.232	0.441	0.104
0.121	0.657	0.114	0.108
>TAGTTTAG	2-TAGTTTAG	5.002408	-22.758832	0	T:209.0(2.09%),B:95.0(0.99%),P:1e-9	Tpos:13.8,Tstd:6.8,Bpos:15.1,Bstd:6.5,StrandBias:-0.3,Multiplicity:1.02
0.121	0.098	0.082	0.699
0.824	0.010	0.054	0.112
0.092	0.063	0.762	0.083
0.089	0.094	0.056	0.761
0.046	0.146	0.116	0.692
0.086	0.094	0.063	0.757
0.774	0.019	0.123	0.084
0.100	0.107	0.741	0.052
>RRGRRRGG	3-RRGRRRGG	3.572578	-19.311512	0	T:4621.0(46.21%),B:4040.7(42.11%),P:1e-8	Tpos:14.5,Tstd:6.7,Bpos:14.4,Bstd:9.9,StrandBias:-0.0,Multiplicity:1.29
0.510	0.001	0.488	0.001
0.386	0.001	0.458	0.154
0.287	0.001	0.539	0.173
0.343	0.001	0.404	0.252
0.421	0.001	0.428	0.149
0.406	0.001	0.483	0.110
0.366	0.001	0.585	0.048
0.186	0.001	0.737	0.076
>ASTCASAC	4-ASTCASAC	6.118893	-15.056760	0	T:379.0(3.79%),B:243.9(2.54%),P:1e-6	Tpos:14.7,Tstd:6.9,Bpos:15.0,Bstd:7.1,StrandBias:0.2,Multiplicity:1.11
0.764	0.001	0.234	0.001
0.101	0.363	0.512	0.024
0.359	0.001	0.001	0.639
0.001	0.997	0.001	0.001
0.724	0.001	0.001	0.274
0.093	0.527	0.379	0.001
0.660	0.272	0.001	0.067
0.115	0.883	0.001	0.001
>CTGGRGAT	5-CTGGRGAT	6.618302	-14.766241	0	T:220.0(2.20%),B:122.2(1.27%),P:1e-6	Tpos:14.9,Tstd:6.9,Bpos:15.3,Bstd:7.7,StrandBias:0.3,Multiplicity:1.00
0.001	0.885	0.001	0.113
0.001	0.001	0.001	0.997
0.001	0.001	0.997	0.001
0.315	0.001	0.683	0.001
0.453	0.001	0.545	0.001
0.001	0.001	0.997	0.001
0.596	0.001	0.402	0.001
0.001	0.001	0.001	0.997
>CWGCAGBW	6-CWGCAGBW	5.148424	-13.882437	0	T:626.0(6.26%),B:451.5(4.71%),P:1e-6	Tpos:14.5,Tstd:6.9,Bpos:14.1,Bstd:8.5,StrandBias:0.2,Multiplicity:1.05
0.268	0.649	0.020	0.063
0.441	0.001	0.001	0.557
0.086	0.314	0.530	0.070
0.197	0.418	0.153	0.232
0.612	0.001	0.001	0.386
0.154	0.016	0.573	0.257
0.001	0.347	0.387	0.265
0.543	0.001	0.001	0.455
