>GGGGGGGGGGGG	5-CCCCCCCCCCCC	9.686753	-21.167490	0	T:220.0(2.20%),B:105.5(1.10%),P:1e-9
0.290	0.001	0.708	0.001
0.182	0.001	0.816	0.001
0.217	0.001	0.781	0.001
0.228	0.001	0.770	0.001
0.257	0.001	0.741	0.001
0.285	0.001	0.713	0.001
0.309	0.001	0.689	0.001
0.262	0.001	0.736	0.001
0.219	0.001	0.779	0.001
0.249	0.001	0.749	0.001
0.254	0.001	0.744	0.001
0.276	0.001	0.722	0.001
