>CCAGCCCTGCCC	9-CCAGCCCTGCCC	8.388343	-8.928919	0	T:36.0(0.36%),B:10.8(0.11%),P:1e-3
0.177	0.399	0.223	0.201
0.165	0.589	0.119	0.127
0.614	0.088	0.097	0.201
0.107	0.162	0.570	0.161
0.115	0.624	0.147	0.114
0.120	0.665	0.067	0.148
0.106	0.685	0.045	0.164
0.178	0.071	0.064	0.687
0.095	0.165	0.561	0.179
0.115	0.589	0.174	0.122
0.153	0.588	0.081	0.178
0.195	0.430	0.106	0.270
