>GCTGCAGCTGCT	6-GCTGCAGCTGCT	5.936688	-21.131764	0	T:585.0(5.85%),B:381.5(3.98%),P:1e-9
0.099	0.260	0.532	0.109
0.070	0.684	0.151	0.095
0.304	0.026	0.037	0.633
0.034	0.230	0.673	0.063
0.057	0.708	0.206	0.029
0.623	0.007	0.040	0.330
0.046	0.153	0.763	0.038
0.088	0.646	0.202	0.064
0.281	0.069	0.045	0.605
0.057	0.209	0.596	0.138
0.067	0.653	0.185	0.095
0.261	0.206	0.064	0.469
