>CCCCTCCCTGGC	7-CCCCTCCCTGGC	9.887534	-14.236703	0	T:92.0(0.92%),B:35.1(0.37%),P:1e-6
0.001	0.932	0.036	0.031
0.031	0.873	0.001	0.095
0.131	0.801	0.001	0.067
0.063	0.702	0.001	0.234
0.063	0.001	0.001	0.935
0.001	0.937	0.031	0.031
0.001	0.963	0.001	0.035
0.001	0.804	0.001	0.194
0.325	0.001	0.001	0.673
0.063	0.001	0.935	0.001
0.068	0.099	0.701	0.132
0.063	0.773	0.163	0.001
