>CCTCCACCCTCC	11-CCTCCACCCTCC	10.101011	-4.101391	0	T:135.0(1.35%),B:97.8(1.02%),P:1e-1
0.083	0.729	0.064	0.124
0.047	0.850	0.041	0.062
0.064	0.107	0.001	0.828
0.021	0.853	0.105	0.021
0.062	0.875	0.001	0.062
0.691	0.123	0.001	0.185
0.041	0.810	0.085	0.064
0.001	0.896	0.001	0.102
0.020	0.856	0.001	0.123
0.062	0.020	0.001	0.917
0.064	0.851	0.064	0.021
0.084	0.872	0.001	0.043
