>CTGCCCCT	1-CTGCCCCT	5.637668	-45.991530	0	T:193.0(19.30%),B:46.7(5.40%),P:1e-19	Tpos:15.1,Tstd:6.9,Bpos:15.7,Bstd:8.6,StrandBias:0.3,Multiplicity:1.05
0.023	0.807	0.037	0.133
0.219	0.001	0.004	0.776
0.149	0.167	0.588	0.096
0.056	0.660	0.265	0.019
0.019	0.694	0.060	0.227
0.077	0.813	0.055	0.055
0.056	0.831	0.001	0.112
0.279	0.132	0.001	0.588
>CCCTCCCC	2-CCCTCCCC	7.433483	-42.328094	0	T:137.0(13.70%),B:23.3(2.69%),P:1e-18	Tpos:13.4,Tstd:6.1,Bpos:11.2,Bstd:11.0,StrandBias:0.1,Multiplicity:1.16
0.003	0.599	0.001	0.397
0.001	0.849	0.001	0.149
0.015	0.743	0.001	0.241
0.001	0.341	0.001	0.657
0.016	0.574	0.082	0.328
0.001	0.997	0.001	0.001
0.007	0.658	0.001	0.334
0.031	0.952	0.001	0.016
>AGAGAGGG	3-AGAGAGGG	6.543405	-39.070833	0	T:114.0(11.40%),B:16.6(1.93%),P:1e-16	Tpos:14.2,Tstd:6.8,Bpos:19.4,Bstd:6.6,StrandBias:-0.2,Multiplicity:1.11
0.833	0.001	0.133	0.033
0.027	0.050	0.906	0.017
0.774	0.001	0.199	0.026
0.001	0.032	0.966	0.001
0.883	0.001	0.115	0.001
0.016	0.001	0.950	0.033
0.165	0.001	0.833	0.001
0.050	0.050	0.850	0.050
>CWGCWGSW	4-CWGCWGSW	4.509302	-31.840320	0	T:125.0(12.50%),B:27.7(3.20%),P:1e-13	Tpos:15.4,Tstd:6.7,Bpos:13.3,Bstd:7.6,StrandBias:0.0,Multiplicity:1.04
0.088	0.569	0.189	0.154
0.496	0.096	0.001	0.406
0.131	0.248	0.582	0.039
0.116	0.620	0.182	0.082
0.472	0.100	0.001	0.426
0.124	0.246	0.513	0.117
0.082	0.436	0.321	0.161
0.364	0.211	0.096	0.330
>AAGGGAAG	5-AAGGGAAG	6.999059	-25.848222	0	T:60.0(6.00%),B:5.1(0.59%),P:1e-11	Tpos:14.2,Tstd:7.2,Bpos:24.0,Bstd:0.0,StrandBias:0.2,Multiplicity:1.00
0.851	0.111	0.037	0.001
0.888	0.001	0.110	0.001
0.222	0.001	0.703	0.074
0.001	0.001	0.925	0.073
0.001	0.001	0.925	0.073
0.888	0.074	0.001	0.037
0.997	0.001	0.001	0.001
0.001	0.001	0.997	0.001
>CCAGCCCM	6-CCAGCCCM	6.727505	-22.566884	0	T:84.0(8.40%),B:17.8(2.06%),P:1e-9	Tpos:14.2,Tstd:6.8,Bpos:15.6,Bstd:7.1,StrandBias:-0.9,Multiplicity:1.10
0.107	0.891	0.001	0.001
0.107	0.677	0.001	0.215
0.933	0.001	0.001	0.065
0.122	0.234	0.576	0.068
0.005	0.978	0.001	0.016
0.124	0.821	0.001	0.054
0.215	0.720	0.064	0.001
0.439	0.527	0.001	0.033
>AYCTAGAK	7-AYCTAGAK	6.698345	-17.598876	0	T:28.0(2.80%),B:0.7(0.08%),P:1e-7	Tpos:13.9,Tstd:7.4,Bpos:10.0,Bstd:0.0,StrandBias:0.3,Multiplicity:1.00
0.537	0.265	0.197	0.001
0.246	0.416	0.007	0.330
0.001	0.997	0.001	0.001
0.001	0.294	0.001	0.704
0.997	0.001	0.001	0.001
0.239	0.001	0.759	0.001
0.997	0.001	0.001	0.001
0.212	0.001	0.454	0.333
>CCATTGGC	8-CCATTGGC	2.148362	-17.508606	0	T:73.0(7.30%),B:17.2(1.99%),P:1e-7	Tpos:15.4,Tstd:5.7,Bpos:13.5,Bstd:6.6,StrandBias:0.5,Multiplicity:1.00
0.001	0.781	0.001	0.217
0.001	0.997	0.001	0.001
0.997	0.001	0.001	0.001
0.217	0.001	0.001	0.781
0.001	0.001	0.001	0.997
0.001	0.001	0.997	0.001
0.001	0.001	0.997	0.001
0.001	0.781	0.217	0.001
>GCTCTGAG	9-GCTCTGAG	5.919866	-17.421320	0	T:42.0(4.20%),B:4.8(0.56%),P:1e-7	Tpos:16.6,Tstd:6.0,Bpos:14.4,Bstd:3.5,StrandBias:0.5,Multiplicity:1.08
0.104	0.038	0.857	0.001
0.001	0.895	0.001	0.103
0.131	0.007	0.001	0.861
0.104	0.765	0.027	0.104
0.144	0.001	0.001	0.854
0.001	0.238	0.657	0.104
0.977	0.001	0.001	0.021
0.001	0.103	0.895	0.001
>GACTCTGG	10-GACTCTGG	6.842755	-16.411993	0	T:34.0(3.40%),B:2.7(0.31%),P:1e-7	Tpos:12.2,Tstd:7.1,Bpos:11.0,Bstd:4.1,StrandBias:-0.2,Multiplicity:1.03
0.001	0.161	0.733	0.105
0.842	0.105	0.001	0.052
0.052	0.895	0.052	0.001
0.001	0.156	0.001	0.842
0.001	0.895	0.052	0.052
0.104	0.001	0.001	0.894
0.001	0.001	0.997	0.001
0.001	0.001	0.947	0.051
>GCMACCAG	11-GCMACCAG	5.821000	-16.226851	0	T:55.0(5.50%),B:10.1(1.17%),P:1e-7	Tpos:15.3,Tstd:7.4,Bpos:18.8,Bstd:4.2,StrandBias:0.2,Multiplicity:1.03
0.134	0.146	0.621	0.099
0.069	0.813	0.024	0.094
0.471	0.366	0.001	0.162
0.571	0.164	0.047	0.218
0.082	0.772	0.075	0.071
0.098	0.701	0.001	0.200
0.686	0.001	0.017	0.296
0.119	0.034	0.688	0.159
>GTGTGTGT	12-GTGTGTGT	5.797585	-15.359560	0	T:64.0(6.40%),B:15.7(1.81%),P:1e-6	Tpos:15.5,Tstd:6.3,Bpos:15.8,Bstd:5.0,StrandBias:-0.5,Multiplicity:1.11
0.001	0.121	0.651	0.227
0.244	0.001	0.095	0.660
0.030	0.001	0.760	0.209
0.069	0.001	0.001	0.929
0.007	0.001	0.962	0.030
0.151	0.001	0.120	0.728
0.005	0.126	0.730	0.139
0.030	0.001	0.150	0.819
>CCCTGATG	13-CCCTGATG	5.677687	-14.325736	0	T:51.0(5.10%),B:10.7(1.24%),P:1e-6	Tpos:14.4,Tstd:6.1,Bpos:12.0,Bstd:2.5,StrandBias:-1.1,Multiplicity:1.00
0.071	0.805	0.053	0.071
0.053	0.802	0.001	0.144
0.108	0.785	0.001	0.106
0.162	0.001	0.001	0.836
0.073	0.089	0.660	0.178
0.663	0.137	0.091	0.109
0.073	0.001	0.134	0.792
0.142	0.089	0.685	0.084
>AAAAGCTC	14-AAAAGCTC	6.933422	-12.416904	0	T:30.0(3.00%),B:3.3(0.39%),P:1e-5	Tpos:12.7,Tstd:7.3,Bpos:15.3,Bstd:2.9,StrandBias:-0.1,Multiplicity:1.00
0.764	0.234	0.001	0.001
0.883	0.058	0.058	0.001
0.940	0.001	0.058	0.001
0.883	0.001	0.058	0.058
0.058	0.001	0.883	0.058
0.001	0.940	0.001	0.058
0.058	0.001	0.001	0.940
0.001	0.824	0.117	0.058
>GGGCCCCC	15-GGGCCCCC	5.900983	-5.841760	0	T:74.0(7.40%),B:37.2(4.30%),P:1e-2	Tpos:14.4,Tstd:7.1,Bpos:18.4,Bstd:5.9,StrandBias:-0.0,Multiplicity:1.07
0.049	0.001	0.871	0.079
0.126	0.001	0.771	0.102
0.140	0.172	0.579	0.109
0.081	0.719	0.033	0.167
0.032	0.905	0.001	0.062
0.048	0.824	0.016	0.112
0.093	0.702	0.016	0.189
0.158	0.654	0.001	0.187
