>GKCCCWGRGG	1-GKCCCWGRGG	6.543718	-36.033085	0	T:74.0(7.40%),B:4.7(0.55%),P:1e-15	Tpos:14.7,Tstd:6.4,Bpos:13.7,Bstd:2.5,StrandBias:0.0,Multiplicity:1.02
0.019	0.036	0.608	0.337
0.220	0.034	0.356	0.390
0.034	0.765	0.101	0.100
0.117	0.783	0.001	0.099
0.101	0.848	0.001	0.050
0.525	0.033	0.001	0.441
0.052	0.003	0.644	0.301
0.358	0.001	0.406	0.236
0.101	0.001	0.815	0.083
0.335	0.052	0.513	0.100
>YYYYYYCCYY	2-YYYYYYCCYY	5.415210	-35.969312	0	T:281.0(28.10%),B:112.0(12.96%),P:1e-15	Tpos:14.0,Tstd:5.9,Bpos:14.3,Bstd:13.6,StrandBias:0.2,Multiplicity:1.09
0.135	0.379	0.197	0.289
0.001	0.500	0.001	0.498
0.031	0.497	0.001	0.471
0.001	0.534	0.001	0.464
0.001	0.565	0.001	0.433
0.001	0.524	0.001	0.474
0.001	0.593	0.001	0.405
0.001	0.600	0.001	0.398
0.156	0.479	0.001	0.364
0.225	0.410	0.001	0.364
>CTCCCAGCCC	3-CTCCCAGCCC	7.873902	-21.454141	0	T:46.0(4.60%),B:3.6(0.42%),P:1e-9	Tpos:14.0,Tstd:6.6,Bpos:15.2,Bstd:5.4,StrandBias:-0.2,Multiplicity:1.06
0.144	0.757	0.050	0.049
0.074	0.149	0.024	0.753
0.024	0.758	0.098	0.120
0.024	0.807	0.001	0.168
0.050	0.828	0.024	0.098
0.781	0.048	0.024	0.147
0.120	0.005	0.851	0.024
0.048	0.852	0.050	0.050
0.024	0.805	0.024	0.147
0.001	0.853	0.024	0.122
>SCWGCAGCWG	4-SCWGCAGCWG	5.614897	-17.808709	0	T:122.0(12.20%),B:43.8(5.07%),P:1e-7	Tpos:15.0,Tstd:6.2,Bpos:12.4,Bstd:7.5,StrandBias:0.0,Multiplicity:1.02
0.113	0.380	0.370	0.137
0.134	0.587	0.101	0.178
0.526	0.022	0.033	0.419
0.011	0.358	0.597	0.034
0.001	0.865	0.133	0.001
0.580	0.001	0.001	0.418
0.001	0.149	0.849	0.001
0.033	0.610	0.324	0.033
0.426	0.089	0.066	0.418
0.200	0.203	0.519	0.078
>DGTGTGTGTS	5-DGTGTGTGTS	4.702339	-9.021361	0	T:43.0(4.30%),B:13.0(1.50%),P:1e-3	Tpos:15.0,Tstd:5.9,Bpos:16.0,Bstd:4.9,StrandBias:-0.9,Multiplicity:1.05
0.231	0.123	0.281	0.365
0.135	0.200	0.502	0.163
0.162	0.081	0.213	0.544
0.103	0.167	0.538	0.192
0.170	0.075	0.196	0.559
0.111	0.181	0.535	0.173
0.182	0.073	0.217	0.528
0.105	0.171	0.565	0.159
0.178	0.114	0.228	0.481
0.171	0.240	0.385	0.204
>SCWGCTSCTSCT	1-SCWGCTSCTSCT	3.362830	-45.969802	0	T:260.0(26.00%),B:83.6(9.67%),P:1e-19	Tpos:14.0,Tstd:5.4,Bpos:13.6,Bstd:6.5,StrandBias:0.2,Multiplicity:1.14
0.068	0.448	0.453	0.032
0.001	0.799	0.033	0.167
0.569	0.001	0.002	0.428
0.068	0.101	0.799	0.032
0.032	0.677	0.226	0.065
0.302	0.227	0.001	0.470
0.033	0.479	0.487	0.001
0.001	0.842	0.031	0.126
0.036	0.067	0.001	0.896
0.001	0.495	0.470	0.033
0.065	0.899	0.004	0.032
0.274	0.158	0.032	0.536
>CCCCCCCCCCCC	2-CCCCCCCCCCCC	6.844498	-23.565312	0	T:158.0(15.80%),B:55.8(6.46%),P:1e-10	Tpos:13.7,Tstd:5.2,Bpos:12.8,Bstd:12.7,StrandBias:0.4,Multiplicity:1.03
0.001	0.582	0.053	0.364
0.001	0.630	0.005	0.364
0.005	0.600	0.005	0.390
0.005	0.595	0.005	0.395
0.010	0.593	0.001	0.396
0.001	0.630	0.001	0.368
0.021	0.673	0.001	0.305
0.016	0.636	0.001	0.347
0.074	0.636	0.001	0.289
0.122	0.589	0.001	0.288
0.053	0.662	0.001	0.284
0.164	0.504	0.001	0.331
>KGSTGSTGGTGG	3-KGSTGSTGGTGG	8.953147	-22.696029	0	T:36.0(3.60%),B:0.0(0.00%),P:1e-9	Tpos:16.1,Tstd:4.1,Bpos:0.0,Bstd:0.0,StrandBias:0.5,Multiplicity:1.00
0.001	0.001	0.474	0.524
0.029	0.001	0.969	0.001
0.030	0.494	0.371	0.106
0.029	0.001	0.251	0.719
0.001	0.029	0.911	0.059
0.001	0.341	0.479	0.178
0.125	0.001	0.282	0.592
0.001	0.001	0.997	0.001
0.001	0.256	0.684	0.059
0.215	0.001	0.119	0.665
0.001	0.001	0.850	0.148
0.001	0.244	0.547	0.208
>CACACACACACA	4-CACACACACACA	6.448956	-9.063624	0	T:33.0(3.30%),B:7.9(0.91%),P:1e-3	Tpos:15.1,Tstd:5.4,Bpos:15.0,Bstd:4.5,StrandBias:0.7,Multiplicity:1.09
0.001	0.699	0.053	0.247
0.649	0.199	0.001	0.151
0.001	0.757	0.145	0.097
0.893	0.053	0.001	0.053
0.001	0.896	0.102	0.001
0.881	0.054	0.001	0.064
0.049	0.790	0.102	0.059
0.843	0.102	0.001	0.054
0.048	0.892	0.001	0.059
0.784	0.161	0.001	0.054
0.146	0.756	0.001	0.097
0.586	0.204	0.001	0.209
>TTTTTTTTWWDD	5-TTTTTTTTWWDD	10.157380	-6.869685	0	T:11.0(1.10%),B:0.9(0.10%),P:1e-2	Tpos:13.0,Tstd:4.2,Bpos:22.3,Bstd:1.3,StrandBias:-0.1,Multiplicity:1.00
0.273	0.010	0.001	0.716
0.011	0.001	0.417	0.571
0.011	0.001	0.010	0.978
0.083	0.010	0.248	0.659
0.101	0.079	0.001	0.819
0.001	0.001	0.009	0.989
0.079	0.079	0.012	0.830
0.249	0.001	0.001	0.749
0.429	0.001	0.089	0.481
0.527	0.001	0.001	0.471
0.419	0.002	0.271	0.309
0.328	0.012	0.262	0.398
>CTGCCCCT	1-CTGCCCCT	5.637668	-45.991530	0	T:193.0(19.30%),B:46.7(5.40%),P:1e-19	Tpos:15.1,Tstd:6.9,Bpos:15.7,Bstd:8.6,StrandBias:0.3,Multiplicity:1.05
0.023	0.807	0.037	0.133
0.219	0.001	0.004	0.776
0.149	0.167	0.588	0.096
0.056	0.660	0.265	0.019
0.019	0.694	0.060	0.227
0.077	0.813	0.055	0.055
0.056	0.831	0.001	0.112
0.279	0.132	0.001	0.588
>CCCTCCCC	2-CCCTCCCC	7.433483	-42.328094	0	T:137.0(13.70%),B:23.3(2.69%),P:1e-18	Tpos:13.4,Tstd:6.1,Bpos:11.2,Bstd:11.0,StrandBias:0.1,Multiplicity:1.16
0.003	0.599	0.001	0.397
0.001	0.849	0.001	0.149
0.015	0.743	0.001	0.241
0.001	0.341	0.001	0.657
0.016	0.574	0.082	0.328
0.001	0.997	0.001	0.001
0.007	0.658	0.001	0.334
0.031	0.952	0.001	0.016
>AGAGAGGG	3-AGAGAGGG	6.543405	-39.070833	0	T:114.0(11.40%),B:16.6(1.93%),P:1e-16	Tpos:14.2,Tstd:6.8,Bpos:19.4,Bstd:6.6,StrandBias:-0.2,Multiplicity:1.11
0.833	0.001	0.133	0.033
0.027	0.050	0.906	0.017
0.774	0.001	0.199	0.026
0.001	0.032	0.966	0.001
0.883	0.001	0.115	0.001
0.016	0.001	0.950	0.033
0.165	0.001	0.833	0.001
0.050	0.050	0.850	0.050
>CWGCWGSW	4-CWGCWGSW	4.509302	-31.840320	0	T:125.0(12.50%),B:27.7(3.20%),P:1e-13	Tpos:15.4,Tstd:6.7,Bpos:13.3,Bstd:7.6,StrandBias:0.0,Multiplicity:1.04
0.088	0.569	0.189	0.154
0.496	0.096	0.001	0.406
0.131	0.248	0.582	0.039
0.116	0.620	0.182	0.082
0.472	0.100	0.001	0.426
0.124	0.246	0.513	0.117
0.082	0.436	0.321	0.161
0.364	0.211	0.096	0.330
>AAGGGAAG	5-AAGGGAAG	6.999059	-25.848222	0	T:60.0(6.00%),B:5.1(0.59%),P:1e-11	Tpos:14.2,Tstd:7.2,Bpos:24.0,Bstd:0.0,StrandBias:0.2,Multiplicity:1.00
0.851	0.111	0.037	0.001
0.888	0.001	0.110	0.001
0.222	0.001	0.703	0.074
0.001	0.001	0.925	0.073
0.001	0.001	0.925	0.073
0.888	0.074	0.001	0.037
0.997	0.001	0.001	0.001
0.001	0.001	0.997	0.001
>CCAGCCCM	6-CCAGCCCM	6.727505	-22.566884	0	T:84.0(8.40%),B:17.8(2.06%),P:1e-9	Tpos:14.2,Tstd:6.8,Bpos:15.6,Bstd:7.1,StrandBias:-0.9,Multiplicity:1.10
0.107	0.891	0.001	0.001
0.107	0.677	0.001	0.215
0.933	0.001	0.001	0.065
0.122	0.234	0.576	0.068
0.005	0.978	0.001	0.016
0.124	0.821	0.001	0.054
0.215	0.720	0.064	0.001
0.439	0.527	0.001	0.033
>AYCTAGAK	7-AYCTAGAK	6.698345	-17.598876	0	T:28.0(2.80%),B:0.7(0.08%),P:1e-7	Tpos:13.9,Tstd:7.4,Bpos:10.0,Bstd:0.0,StrandBias:0.3,Multiplicity:1.00
0.537	0.265	0.197	0.001
0.246	0.416	0.007	0.330
0.001	0.997	0.001	0.001
0.001	0.294	0.001	0.704
0.997	0.001	0.001	0.001
0.239	0.001	0.759	0.001
0.997	0.001	0.001	0.001
0.212	0.001	0.454	0.333
>CCATTGGC	8-CCATTGGC	2.148362	-17.508606	0	T:73.0(7.30%),B:17.2(1.99%),P:1e-7	Tpos:15.4,Tstd:5.7,Bpos:13.5,Bstd:6.6,StrandBias:0.5,Multiplicity:1.00
0.001	0.781	0.001	0.217
0.001	0.997	0.001	0.001
0.997	0.001	0.001	0.001
0.217	0.001	0.001	0.781
0.001	0.001	0.001	0.997
0.001	0.001	0.997	0.001
0.001	0.001	0.997	0.001
0.001	0.781	0.217	0.001
>GCTCTGAG	9-GCTCTGAG	5.919866	-17.421320	0	T:42.0(4.20%),B:4.8(0.56%),P:1e-7	Tpos:16.6,Tstd:6.0,Bpos:14.4,Bstd:3.5,StrandBias:0.5,Multiplicity:1.08
0.104	0.038	0.857	0.001
0.001	0.895	0.001	0.103
0.131	0.007	0.001	0.861
0.104	0.765	0.027	0.104
0.144	0.001	0.001	0.854
0.001	0.238	0.657	0.104
0.977	0.001	0.001	0.021
0.001	0.103	0.895	0.001
>GACTCTGG	10-GACTCTGG	6.842755	-16.411993	0	T:34.0(3.40%),B:2.7(0.31%),P:1e-7	Tpos:12.2,Tstd:7.1,Bpos:11.0,Bstd:4.1,StrandBias:-0.2,Multiplicity:1.03
0.001	0.161	0.733	0.105
0.842	0.105	0.001	0.052
0.052	0.895	0.052	0.001
0.001	0.156	0.001	0.842
0.001	0.895	0.052	0.052
0.104	0.001	0.001	0.894
0.001	0.001	0.997	0.001
0.001	0.001	0.947	0.051
>GCMACCAG	11-GCMACCAG	5.821000	-16.226851	0	T:55.0(5.50%),B:10.1(1.17%),P:1e-7	Tpos:15.3,Tstd:7.4,Bpos:18.8,Bstd:4.2,StrandBias:0.2,Multiplicity:1.03
0.134	0.146	0.621	0.099
0.069	0.813	0.024	0.094
0.471	0.366	0.001	0.162
0.571	0.164	0.047	0.218
0.082	0.772	0.075	0.071
0.098	0.701	0.001	0.200
0.686	0.001	0.017	0.296
0.119	0.034	0.688	0.159
>GTGTGTGT	12-GTGTGTGT	5.797585	-15.359560	0	T:64.0(6.40%),B:15.7(1.81%),P:1e-6	Tpos:15.5,Tstd:6.3,Bpos:15.8,Bstd:5.0,StrandBias:-0.5,Multiplicity:1.11
0.001	0.121	0.651	0.227
0.244	0.001	0.095	0.660
0.030	0.001	0.760	0.209
0.069	0.001	0.001	0.929
0.007	0.001	0.962	0.030
0.151	0.001	0.120	0.728
0.005	0.126	0.730	0.139
0.030	0.001	0.150	0.819
>CCCTGATG	13-CCCTGATG	5.677687	-14.325736	0	T:51.0(5.10%),B:10.7(1.24%),P:1e-6	Tpos:14.4,Tstd:6.1,Bpos:12.0,Bstd:2.5,StrandBias:-1.1,Multiplicity:1.00
0.071	0.805	0.053	0.071
0.053	0.802	0.001	0.144
0.108	0.785	0.001	0.106
0.162	0.001	0.001	0.836
0.073	0.089	0.660	0.178
0.663	0.137	0.091	0.109
0.073	0.001	0.134	0.792
0.142	0.089	0.685	0.084
>AAAAGCTC	14-AAAAGCTC	6.933422	-12.416904	0	T:30.0(3.00%),B:3.3(0.39%),P:1e-5	Tpos:12.7,Tstd:7.3,Bpos:15.3,Bstd:2.9,StrandBias:-0.1,Multiplicity:1.00
0.764	0.234	0.001	0.001
0.883	0.058	0.058	0.001
0.940	0.001	0.058	0.001
0.883	0.001	0.058	0.058
0.058	0.001	0.883	0.058
0.001	0.940	0.001	0.058
0.058	0.001	0.001	0.940
0.001	0.824	0.117	0.058
>GGGCCCCC	15-GGGCCCCC	5.900983	-5.841760	0	T:74.0(7.40%),B:37.2(4.30%),P:1e-2	Tpos:14.4,Tstd:7.1,Bpos:18.4,Bstd:5.9,StrandBias:-0.0,Multiplicity:1.07
0.049	0.001	0.871	0.079
0.126	0.001	0.771	0.102
0.140	0.172	0.579	0.109
0.081	0.719	0.033	0.167
0.032	0.905	0.001	0.062
0.048	0.824	0.016	0.112
0.093	0.702	0.016	0.189
0.158	0.654	0.001	0.187
