>SCWGCTSCTSCT	1-SCWGCTSCTSCT	3.362830	-45.969802	0	T:260.0(26.00%),B:83.6(9.67%),P:1e-19	Tpos:14.0,Tstd:5.4,Bpos:13.6,Bstd:6.5,StrandBias:0.2,Multiplicity:1.14
0.068	0.448	0.453	0.032
0.001	0.799	0.033	0.167
0.569	0.001	0.002	0.428
0.068	0.101	0.799	0.032
0.032	0.677	0.226	0.065
0.302	0.227	0.001	0.470
0.033	0.479	0.487	0.001
0.001	0.842	0.031	0.126
0.036	0.067	0.001	0.896
0.001	0.495	0.470	0.033
0.065	0.899	0.004	0.032
0.274	0.158	0.032	0.536
>CCCCCCCCCCCC	2-CCCCCCCCCCCC	6.844498	-23.565312	0	T:158.0(15.80%),B:55.8(6.46%),P:1e-10	Tpos:13.7,Tstd:5.2,Bpos:12.8,Bstd:12.7,StrandBias:0.4,Multiplicity:1.03
0.001	0.582	0.053	0.364
0.001	0.630	0.005	0.364
0.005	0.600	0.005	0.390
0.005	0.595	0.005	0.395
0.010	0.593	0.001	0.396
0.001	0.630	0.001	0.368
0.021	0.673	0.001	0.305
0.016	0.636	0.001	0.347
0.074	0.636	0.001	0.289
0.122	0.589	0.001	0.288
0.053	0.662	0.001	0.284
0.164	0.504	0.001	0.331
>KGSTGSTGGTGG	3-KGSTGSTGGTGG	8.953147	-22.696029	0	T:36.0(3.60%),B:0.0(0.00%),P:1e-9	Tpos:16.1,Tstd:4.1,Bpos:0.0,Bstd:0.0,StrandBias:0.5,Multiplicity:1.00
0.001	0.001	0.474	0.524
0.029	0.001	0.969	0.001
0.030	0.494	0.371	0.106
0.029	0.001	0.251	0.719
0.001	0.029	0.911	0.059
0.001	0.341	0.479	0.178
0.125	0.001	0.282	0.592
0.001	0.001	0.997	0.001
0.001	0.256	0.684	0.059
0.215	0.001	0.119	0.665
0.001	0.001	0.850	0.148
0.001	0.244	0.547	0.208
>CACACACACACA	4-CACACACACACA	6.448956	-9.063624	0	T:33.0(3.30%),B:7.9(0.91%),P:1e-3	Tpos:15.1,Tstd:5.4,Bpos:15.0,Bstd:4.5,StrandBias:0.7,Multiplicity:1.09
0.001	0.699	0.053	0.247
0.649	0.199	0.001	0.151
0.001	0.757	0.145	0.097
0.893	0.053	0.001	0.053
0.001	0.896	0.102	0.001
0.881	0.054	0.001	0.064
0.049	0.790	0.102	0.059
0.843	0.102	0.001	0.054
0.048	0.892	0.001	0.059
0.784	0.161	0.001	0.054
0.146	0.756	0.001	0.097
0.586	0.204	0.001	0.209
>TTTTTTTTWWDD	5-TTTTTTTTWWDD	10.157380	-6.869685	0	T:11.0(1.10%),B:0.9(0.10%),P:1e-2	Tpos:13.0,Tstd:4.2,Bpos:22.3,Bstd:1.3,StrandBias:-0.1,Multiplicity:1.00
0.273	0.010	0.001	0.716
0.011	0.001	0.417	0.571
0.011	0.001	0.010	0.978
0.083	0.010	0.248	0.659
0.101	0.079	0.001	0.819
0.001	0.001	0.009	0.989
0.079	0.079	0.012	0.830
0.249	0.001	0.001	0.749
0.429	0.001	0.089	0.481
0.527	0.001	0.001	0.471
0.419	0.002	0.271	0.309
0.328	0.012	0.262	0.398
