>GKCCCWGRGG	1-GKCCCWGRGG	6.543718	-36.033085	0	T:74.0(7.40%),B:4.7(0.55%),P:1e-15	Tpos:14.7,Tstd:6.4,Bpos:13.7,Bstd:2.5,StrandBias:0.0,Multiplicity:1.02
0.019	0.036	0.608	0.337
0.220	0.034	0.356	0.390
0.034	0.765	0.101	0.100
0.117	0.783	0.001	0.099
0.101	0.848	0.001	0.050
0.525	0.033	0.001	0.441
0.052	0.003	0.644	0.301
0.358	0.001	0.406	0.236
0.101	0.001	0.815	0.083
0.335	0.052	0.513	0.100
>YYYYYYCCYY	2-YYYYYYCCYY	5.415210	-35.969312	0	T:281.0(28.10%),B:112.0(12.96%),P:1e-15	Tpos:14.0,Tstd:5.9,Bpos:14.3,Bstd:13.6,StrandBias:0.2,Multiplicity:1.09
0.135	0.379	0.197	0.289
0.001	0.500	0.001	0.498
0.031	0.497	0.001	0.471
0.001	0.534	0.001	0.464
0.001	0.565	0.001	0.433
0.001	0.524	0.001	0.474
0.001	0.593	0.001	0.405
0.001	0.600	0.001	0.398
0.156	0.479	0.001	0.364
0.225	0.410	0.001	0.364
>CTCCCAGCCC	3-CTCCCAGCCC	7.873902	-21.454141	0	T:46.0(4.60%),B:3.6(0.42%),P:1e-9	Tpos:14.0,Tstd:6.6,Bpos:15.2,Bstd:5.4,StrandBias:-0.2,Multiplicity:1.06
0.144	0.757	0.050	0.049
0.074	0.149	0.024	0.753
0.024	0.758	0.098	0.120
0.024	0.807	0.001	0.168
0.050	0.828	0.024	0.098
0.781	0.048	0.024	0.147
0.120	0.005	0.851	0.024
0.048	0.852	0.050	0.050
0.024	0.805	0.024	0.147
0.001	0.853	0.024	0.122
>SCWGCAGCWG	4-SCWGCAGCWG	5.614897	-17.808709	0	T:122.0(12.20%),B:43.8(5.07%),P:1e-7	Tpos:15.0,Tstd:6.2,Bpos:12.4,Bstd:7.5,StrandBias:0.0,Multiplicity:1.02
0.113	0.380	0.370	0.137
0.134	0.587	0.101	0.178
0.526	0.022	0.033	0.419
0.011	0.358	0.597	0.034
0.001	0.865	0.133	0.001
0.580	0.001	0.001	0.418
0.001	0.149	0.849	0.001
0.033	0.610	0.324	0.033
0.426	0.089	0.066	0.418
0.200	0.203	0.519	0.078
>DGTGTGTGTS	5-DGTGTGTGTS	4.702339	-9.021361	0	T:43.0(4.30%),B:13.0(1.50%),P:1e-3	Tpos:15.0,Tstd:5.9,Bpos:16.0,Bstd:4.9,StrandBias:-0.9,Multiplicity:1.05
0.231	0.123	0.281	0.365
0.135	0.200	0.502	0.163
0.162	0.081	0.213	0.544
0.103	0.167	0.538	0.192
0.170	0.075	0.196	0.559
0.111	0.181	0.535	0.173
0.182	0.073	0.217	0.528
0.105	0.171	0.565	0.159
0.178	0.114	0.228	0.481
0.171	0.240	0.385	0.204
