>SCWGCTSCTSCT	1-SCWGCTSCTSCT	3.362830	-45.969802	0	T:260.0(26.00%),B:83.6(9.67%),P:1e-19
0.068	0.448	0.453	0.032
0.001	0.799	0.033	0.167
0.569	0.001	0.002	0.428
0.068	0.101	0.799	0.032
0.032	0.677	0.226	0.065
0.302	0.227	0.001	0.470
0.033	0.479	0.487	0.001
0.001	0.842	0.031	0.126
0.036	0.067	0.001	0.896
0.001	0.495	0.470	0.033
0.065	0.899	0.004	0.032
0.274	0.158	0.032	0.536
