>CACACACACACA	4-CACACACACACA	6.448956	-9.063624	0	T:33.0(3.30%),B:7.9(0.91%),P:1e-3
0.001	0.699	0.053	0.247
0.649	0.199	0.001	0.151
0.001	0.757	0.145	0.097
0.893	0.053	0.001	0.053
0.001	0.896	0.102	0.001
0.881	0.054	0.001	0.064
0.049	0.790	0.102	0.059
0.843	0.102	0.001	0.054
0.048	0.892	0.001	0.059
0.784	0.161	0.001	0.054
0.146	0.756	0.001	0.097
0.586	0.204	0.001	0.209
